   6.8627453e-01   0.0000000e+00   1.0000000e+00
   6.0392159e-01   6.8235293e-02   1.0000000e+00
   5.2156866e-01   1.3647059e-01   1.0000000e+00
   4.3921569e-01   2.0470589e-01   1.0000000e+00
   3.5686275e-01   2.7294117e-01   1.0000000e+00
   2.7450982e-01   3.4117648e-01   1.0000000e+00
   2.2875819e-01   4.5098040e-01   1.0000000e+00
   1.8300654e-01   5.6078434e-01   1.0000000e+00
   1.3725491e-01   6.7058825e-01   1.0000000e+00
   9.1503270e-02   7.8039217e-01   1.0000000e+00
   4.5751635e-02   8.9019608e-01   1.0000000e+00
   0.0000000e+00   1.0000000e+00   1.0000000e+00
   1.1111111e-01   1.0000000e+00   8.8888890e-01
   2.2222222e-01   1.0000000e+00   7.7777779e-01
   3.3333334e-01   1.0000000e+00   6.6666669e-01
   4.4444445e-01   1.0000000e+00   5.5555558e-01
   5.5555558e-01   1.0000000e+00   4.4444445e-01
   6.6666669e-01   1.0000000e+00   3.3333334e-01
   7.7777779e-01   1.0000000e+00   2.2222222e-01
   8.8888890e-01   1.0000000e+00   1.1111111e-01
   1.0000000e+00   1.0000000e+00   0.0000000e+00
   1.0000000e+00   9.5238096e-01   0.0000000e+00
   1.0000000e+00   9.0476191e-01   0.0000000e+00
   1.0000000e+00   8.5714287e-01   0.0000000e+00
   1.0000000e+00   8.0952382e-01   0.0000000e+00
   1.0000000e+00   7.6190478e-01   0.0000000e+00
   1.0000000e+00   7.1428573e-01   0.0000000e+00
   1.0000000e+00   6.6666669e-01   0.0000000e+00
   1.0000000e+00   6.1904764e-01   0.0000000e+00
   1.0000000e+00   5.7142860e-01   0.0000000e+00
   1.0000000e+00   5.2380955e-01   0.0000000e+00
   1.0000000e+00   4.7619048e-01   0.0000000e+00
   1.0000000e+00   4.2857143e-01   0.0000000e+00
   1.0000000e+00   3.8095239e-01   0.0000000e+00
   1.0000000e+00   3.3333334e-01   0.0000000e+00
   1.0000000e+00   2.8571430e-01   0.0000000e+00
   1.0000000e+00   2.3809524e-01   0.0000000e+00
   1.0000000e+00   1.9047619e-01   0.0000000e+00
   1.0000000e+00   1.4285715e-01   0.0000000e+00
   1.0000000e+00   9.5238097e-02   0.0000000e+00
   1.0000000e+00   4.7619049e-02   0.0000000e+00
   1.0000000e+00   0.0000000e+00   0.0000000e+00
   1.0000000e+00   1.2477719e-02   4.5454547e-02
   1.0000000e+00   2.4955438e-02   9.0909094e-02
   1.0000000e+00   3.7433159e-02   1.3636364e-01
   1.0000000e+00   4.9910877e-02   1.8181819e-01
   1.0000000e+00   6.2388595e-02   2.2727273e-01
   1.0000000e+00   7.4866317e-02   2.7272728e-01
   1.0000000e+00   8.7344036e-02   3.1818181e-01
   1.0000000e+00   9.9821754e-02   3.6363637e-01
   1.0000000e+00   1.1229947e-01   4.0909091e-01
   1.0000000e+00   1.2477719e-01   4.5454547e-01
   1.0000000e+00   1.3725491e-01   5.0000000e-01
   1.0000000e+00   1.4973263e-01   5.4545456e-01
   1.0000000e+00   1.6221035e-01   5.9090906e-01
   1.0000000e+00   1.7468807e-01   6.3636363e-01
   1.0000000e+00   1.8716578e-01   6.8181819e-01
   1.0000000e+00   1.9964351e-01   7.2727275e-01
   1.0000000e+00   2.1212122e-01   7.7272725e-01
   1.0000000e+00   2.2459894e-01   8.1818181e-01
   1.0000000e+00   2.3707666e-01   8.6363637e-01
   1.0000000e+00   2.4955438e-01   9.0909094e-01
   1.0000000e+00   2.6203209e-01   9.5454544e-01
   1.0000000e+00   2.7450982e-01   1.0000000e+00
